Best fitness: 1870145.0688
Best solution: [10
 list([[4, 1, 20], [3, 10, 20], [19, 15, 20], [16, 5, 20], [15, 7, 20], [14, 14, 20], [13, 13, 20], [14, 9, 20]])
 list([[20, 4, 20], [16, 16, 20], [5, 18, 20], [10, 11, 20], [7, 14, 20]])]
Best fitness: 1870145.0688
Best solution: [10
 list([[12, 8, 20], [18, 5, 20], [5, 9, 20], [16, 13, 20], [15, 15, 20], [7, 14, 20], [15, 9, 20], [9, 3, 20]])
 list([[4, 7, 20], [8, 11, 20], [10, 17, 20], [16, 11, 20], [14, 10, 20]])]
Best fitness: 1870145.0688
Best solution: [10
 list([[5, 3, 20], [12, 16, 20], [18, 5, 20], [14, 7, 20], [16, 15, 20], [6, 18, 20], [15, 19, 20], [19, 14, 20]])
 list([[10, 16, 20], [17, 6, 20], [11, 20, 20], [15, 12, 20], [7, 9, 20]])]
Best fitness: 1870145.0688
Best solution: [10
 list([[7, 14, 20], [3, 5, 20], [20, 10, 20], [12, 17, 20], [14, 14, 20], [11, 10, 20], [8, 13, 20], [16, 5, 20]])
 list([[3, 7, 20], [9, 3, 20], [10, 17, 20], [4, 13, 20], [5, 16, 20]])]
Best fitness: 1869859.3639800001
Best solution: [3
 list([[16, 6, 20], [12, 14, 20], [6, 15, 20], [17, 12, 20], [13, 11, 20], [7, 4, 20], [4, 11, 20], [6, 6, 20]])
 list([[9, 9, 20], [9, 9, 20], [10, 3, 20], [18, 19, 20], [8, 5, 20]])]
Best fitness: 1852114.28448
Best solution: [1
 list([[17, 14, 20], [7, 10, 20], [12, 16, 20], [9, 17, 20], [5, 7, 20], [14, 9, 20], [20, 11, 20], [13, 13, 20]])
 list([[15, 13, 20], [7, 4, 20], [3, 11, 20], [4, 15, 20], [14, 19, 20]])]
Best fitness: 1852114.28448
Best solution: [1
 list([[17, 14, 20], [14, 19, 20], [12, 16, 20], [15, 3, 20], [5, 7, 20], [10, 18, 20], [20, 17, 20], [13, 9, 20]])
 list([[11, 14, 20], [7, 4, 20], [7, 11, 20], [12, 15, 20], [19, 7, 20]])]
Best fitness: 1770067.77375
Best solution: [1
 list([[5, 7, 20], [6, 20, 20], [3, 11, 20], [10, 14, 20], [10, 16, 20], [16, 14, 20], [8, 13, 20], [5, 17, 20]])
 list([[20, 6, 20], [12, 9, 20], [7, 18, 20], [3, 15, 20], [14, 17, 20]])]
Best fitness: 1770067.77375
Best solution: [1
 list([[3, 5, 20], [16, 12, 20], [4, 11, 20], [17, 17, 20], [3, 20, 20], [20, 19, 20], [18, 13, 20], [5, 11, 20]])
 list([[6, 14, 20], [12, 10, 20], [9, 17, 20], [10, 13, 20], [14, 4, 20]])]
Best fitness: 1632658.97929
Best solution: [1
 list([[3, 5, 20], [6, 14, 20], [9, 18, 20], [17, 6, 20], [8, 17, 20], [20, 19, 20], [19, 13, 20], [12, 8, 20]])
 list([[6, 10, 20], [3, 9, 20], [4, 20, 20], [10, 13, 20], [17, 4, 20]])]
Best fitness: 1632658.97929
Best solution: [1
 list([[20, 6, 20], [11, 3, 20], [9, 18, 20], [13, 15, 20], [16, 14, 20], [20, 16, 20], [4, 10, 20], [3, 17, 20]])
 list([[11, 4, 20], [19, 12, 20], [16, 20, 20], [8, 9, 20], [5, 8, 20]])]
Best fitness: 1632658.97929
Best solution: [1
 list([[9, 11, 20], [14, 11, 20], [5, 18, 20], [6, 13, 20], [15, 17, 20], [7, 6, 20], [18, 16, 20], [18, 7, 20]])
 list([[8, 14, 20], [19, 20, 20], [18, 6, 20], [8, 8, 20], [11, 13, 20]])]
Best fitness: 1632658.97929
Best solution: [1
 list([[9, 12, 20], [19, 14, 20], [5, 14, 20], [10, 11, 20], [7, 9, 20], [18, 9, 20], [6, 8, 20], [3, 16, 20]])
 list([[13, 15, 20], [20, 10, 20], [13, 16, 20], [15, 11, 20], [7, 19, 20]])]
Best fitness: 1632658.97929
Best solution: [1
 list([[8, 12, 20], [18, 6, 20], [10, 10, 20], [11, 14, 20], [7, 9, 20], [19, 14, 20], [10, 9, 20], [16, 13, 20]])
 list([[7, 5, 20], [7, 4, 20], [13, 3, 20], [11, 4, 20], [4, 12, 20]])]
Best fitness: 1632658.97929
Best solution: [1
 list([[6, 13, 20], [19, 6, 20], [10, 10, 20], [4, 14, 20], [20, 8, 20], [15, 14, 20], [12, 9, 20], [3, 17, 20]])
 list([[13, 18, 20], [17, 5, 20], [16, 3, 20], [11, 15, 20], [7, 10, 20]])]
Best fitness: 1632658.97929
Best solution: [1
 list([[16, 16, 20], [12, 8, 20], [14, 6, 20], [5, 15, 20], [8, 5, 20], [8, 10, 20], [11, 3, 20], [17, 19, 20]])
 list([[18, 18, 20], [10, 20, 20], [20, 9, 20], [14, 15, 20], [13, 17, 20]])]
Best fitness: 1632658.97929
Best solution: [1
 list([[4, 7, 20], [6, 17, 20], [11, 12, 20], [8, 16, 20], [13, 20, 20], [18, 15, 20], [13, 6, 20], [14, 10, 20]])
 list([[8, 14, 20], [12, 18, 20], [20, 8, 20], [16, 4, 20], [11, 5, 20]])]
Best fitness: 1632658.97929
Best solution: [1
 list([[20, 10, 20], [12, 9, 20], [18, 16, 20], [11, 12, 20], [3, 6, 20], [10, 3, 20], [15, 19, 20], [9, 8, 20]])
 list([[5, 5, 20], [13, 7, 20], [8, 14, 20], [17, 9, 20], [10, 18, 20]])]
Best fitness: 1632658.97929
Best solution: [1
 list([[5, 15, 20], [10, 18, 20], [18, 17, 20], [13, 12, 20], [5, 9, 20], [20, 13, 20], [8, 4, 20], [12, 11, 20]])
 list([[9, 5, 20], [3, 8, 20], [14, 20, 20], [4, 14, 20], [19, 10, 20]])]
Best fitness: 1632658.97929
Best solution: [1
 list([[17, 18, 20], [10, 3, 20], [13, 16, 20], [16, 7, 20], [6, 6, 20], [18, 19, 20], [12, 14, 20], [3, 5, 20]])
 list([[13, 11, 20], [4, 3, 20], [5, 8, 20], [17, 10, 20], [20, 20, 20]])]
Best fitness: 1632658.97929
Best solution: [1
 list([[20, 7, 20], [16, 12, 20], [7, 10, 20], [17, 4, 20], [8, 10, 20], [8, 15, 20], [10, 15, 20], [19, 5, 20]])
 list([[12, 11, 20], [9, 20, 20], [18, 19, 20], [13, 13, 20], [6, 6, 20]])]
Best fitness: 1632658.97929
Best solution: [1
 list([[11, 13, 20], [4, 11, 20], [18, 10, 20], [3, 16, 20], [8, 16, 20], [19, 19, 20], [20, 17, 20], [14, 14, 20]])
 list([[19, 10, 20], [8, 14, 20], [6, 3, 20], [10, 7, 20], [9, 5, 20]])]
Best fitness: 1632658.97929
Best solution: [1
 list([[16, 4, 20], [15, 12, 20], [3, 18, 20], [10, 3, 20], [4, 19, 20], [14, 4, 20], [10, 10, 20], [16, 15, 20]])
 list([[4, 20, 20], [8, 19, 20], [9, 9, 20], [12, 7, 20], [20, 5, 20]])]
