Best fitness: 547052.60855
Best solution: [10
 list([[6, 1, 20], [8, 1, 20], [9, 1, 20], [10, 1, 20], [11, 1, 20], [12, 1, 20], [13, 1, 20], [14, 1, 20]])
 list([[2, 1, 20], [3, 1, 20], [4, 1, 20], [5, 1, 20], [6, 1, 20]])]
Best fitness: 443545.66071499995
Best solution: [10
 list([[18, 17, 20], [14, 13, 20], [10, 12, 20], [8, 16, 20], [13, 5, 20], [6, 18, 20], [9, 15, 20], [16, 16, 20]])
 list([[7, 6, 20], [8, 19, 20], [5, 7, 20], [20, 6, 20], [10, 8, 20]])]
Best fitness: 443545.66071499995
Best solution: [10
 list([[12, 12, 20], [18, 20, 20], [7, 7, 20], [6, 15, 20], [10, 13, 20], [20, 18, 20], [8, 10, 20], [16, 16, 20]])
 list([[7, 6, 20], [8, 11, 20], [5, 8, 20], [20, 6, 20], [4, 18, 20]])]
Best fitness: 443545.66071499995
Best solution: [10
 list([[12, 13, 20], [17, 9, 20], [3, 15, 20], [4, 9, 20], [9, 20, 20], [11, 4, 20], [9, 3, 20], [19, 10, 20]])
 list([[7, 12, 20], [3, 11, 20], [10, 6, 20], [14, 16, 20], [18, 7, 20]])]
Best fitness: 443545.66071499995
Best solution: [10
 list([[8, 18, 20], [15, 6, 20], [10, 5, 20], [17, 18, 20], [7, 10, 20], [5, 4, 20], [18, 9, 20], [15, 20, 20]])
 list([[13, 12, 20], [15, 14, 20], [19, 14, 20], [11, 11, 20], [9, 15, 20]])]
Best fitness: 443545.66071499995
Best solution: [10
 list([[8, 6, 20], [15, 3, 20], [3, 5, 20], [17, 11, 20], [11, 9, 20], [10, 7, 20], [7, 5, 20], [19, 20, 20]])
 list([[13, 17, 20], [12, 14, 20], [16, 14, 20], [17, 11, 20], [4, 13, 20]])]
Best fitness: 443545.66071499995
Best solution: [10
 list([[11, 14, 20], [10, 7, 20], [19, 4, 20], [12, 17, 20], [13, 12, 20], [13, 12, 20], [20, 16, 20], [8, 8, 20]])
 list([[16, 19, 20], [15, 10, 20], [18, 7, 20], [13, 9, 20], [7, 6, 20]])]
Best fitness: 443545.66071499995
Best solution: [10
 list([[5, 20, 20], [14, 7, 20], [12, 20, 20], [3, 6, 20], [17, 5, 20], [15, 19, 20], [20, 15, 20], [8, 3, 20]])
 list([[8, 15, 20], [19, 16, 20], [13, 7, 20], [12, 10, 20], [10, 12, 20]])]
Best fitness: 443545.66071499995
Best solution: [10
 list([[14, 20, 20], [18, 13, 20], [10, 4, 20], [8, 20, 20], [7, 7, 20], [11, 18, 20], [4, 18, 20], [16, 15, 20]])
 list([[16, 17, 20], [4, 15, 20], [20, 4, 20], [19, 19, 20], [19, 7, 20]])]
Best fitness: 443545.66071499995
Best solution: [10
 list([[17, 14, 20], [3, 18, 20], [13, 11, 20], [7, 7, 20], [8, 20, 20], [20, 8, 20], [17, 4, 20], [9, 16, 20]])
 list([[18, 9, 20], [5, 10, 20], [12, 13, 20], [9, 19, 20], [16, 15, 20]])]
Best fitness: 443545.66071499995
Best solution: [10
 list([[17, 12, 20], [6, 13, 20], [8, 7, 20], [6, 10, 20], [16, 6, 20], [17, 3, 20], [3, 4, 20], [11, 15, 20]])
 list([[4, 18, 20], [14, 17, 20], [19, 20, 20], [12, 5, 20], [7, 8, 20]])]
Best fitness: 443545.66071499995
Best solution: [10
 list([[9, 3, 20], [6, 16, 20], [12, 9, 20], [11, 16, 20], [7, 5, 20], [10, 17, 20], [5, 4, 20], [15, 15, 20]])
 list([[3, 5, 20], [14, 10, 20], [6, 7, 20], [16, 12, 20], [15, 6, 20]])]
Best fitness: 425333.23161699995
Best solution: [7
 list([[19, 4, 20], [13, 11, 20], [3, 17, 20], [18, 19, 20], [6, 9, 20], [4, 19, 20], [17, 3, 20], [10, 5, 20]])
 list([[15, 4, 20], [7, 18, 20], [20, 6, 20], [11, 10, 20], [4, 8, 20]])]
Best fitness: 425333.23161699995
Best solution: [7
 list([[18, 10, 20], [12, 14, 20], [16, 12, 20], [8, 19, 20], [20, 9, 20], [3, 5, 20], [5, 19, 20], [4, 16, 20]])
 list([[7, 19, 20], [11, 14, 20], [12, 9, 20], [15, 6, 20], [6, 16, 20]])]
Best fitness: 424468.99174200004
Best solution: [2
 list([[15, 10, 20], [11, 16, 20], [19, 19, 20], [15, 18, 20], [17, 11, 20], [15, 20, 20], [18, 15, 20], [9, 4, 20]])
 list([[10, 13, 20], [5, 6, 20], [7, 5, 20], [16, 3, 20], [10, 14, 20]])]
Best fitness: 424468.99174200004
Best solution: [2
 list([[14, 5, 20], [19, 20, 20], [13, 3, 20], [3, 16, 20], [17, 18, 20], [18, 7, 20], [5, 3, 20], [7, 5, 20]])
 list([[11, 10, 20], [6, 15, 20], [20, 19, 20], [17, 20, 20], [11, 14, 20]])]
Best fitness: 420201.183022
Best solution: [7
 list([[9, 7, 20], [8, 11, 20], [3, 6, 20], [15, 8, 20], [12, 9, 20], [17, 3, 20], [6, 12, 20], [11, 15, 20]])
 list([[4, 10, 20], [6, 5, 20], [5, 5, 20], [18, 13, 20], [10, 16, 20]])]
Best fitness: 420201.183022
Best solution: [7
 list([[20, 20, 20], [14, 11, 20], [13, 7, 20], [10, 6, 20], [20, 13, 20], [5, 14, 20], [16, 10, 20], [15, 4, 20]])
 list([[18, 16, 20], [17, 9, 20], [6, 15, 20], [7, 13, 20], [19, 8, 20]])]
Best fitness: 420201.183022
Best solution: [7
 list([[10, 6, 20], [17, 18, 20], [7, 5, 20], [7, 8, 20], [20, 17, 20], [8, 4, 20], [17, 3, 20], [11, 8, 20]])
 list([[20, 7, 20], [4, 20, 20], [15, 16, 20], [3, 11, 20], [5, 15, 20]])]
Best fitness: 420201.183022
Best solution: [7
 list([[7, 20, 20], [20, 15, 20], [6, 7, 20], [15, 4, 20], [10, 3, 20], [18, 12, 20], [5, 18, 20], [16, 14, 20]])
 list([[3, 7, 20], [14, 3, 20], [5, 19, 20], [10, 5, 20], [12, 17, 20]])]
Best fitness: 420201.183022
Best solution: [7
 list([[11, 6, 20], [9, 18, 20], [16, 5, 20], [17, 20, 20], [14, 16, 20], [15, 10, 20], [5, 14, 20], [17, 9, 20]])
 list([[14, 15, 20], [6, 4, 20], [12, 12, 20], [8, 16, 20], [11, 17, 20]])]
Best fitness: 420201.183022
Best solution: [7
 list([[10, 10, 20], [7, 9, 20], [6, 18, 20], [14, 15, 20], [15, 7, 20], [17, 8, 20], [9, 14, 20], [8, 3, 20]])
 list([[11, 6, 20], [13, 19, 20], [3, 5, 20], [4, 5, 20], [9, 17, 20]])]
Best fitness: 420201.183022
Best solution: [7
 list([[20, 12, 20], [11, 6, 20], [5, 14, 20], [13, 9, 20], [19, 5, 20], [7, 13, 20], [9, 17, 20], [12, 10, 20]])
 list([[3, 11, 20], [8, 17, 20], [4, 18, 20], [10, 14, 20], [20, 7, 20]])]
Best fitness: 420201.183022
Best solution: [7
 list([[13, 6, 20], [18, 6, 20], [11, 13, 20], [14, 8, 20], [17, 3, 20], [18, 12, 20], [12, 18, 20], [15, 10, 20]])
 list([[7, 7, 20], [9, 5, 20], [14, 4, 20], [4, 7, 20], [3, 16, 20]])]
Best fitness: 420201.183022
Best solution: [7
 list([[5, 20, 20], [6, 15, 20], [16, 6, 20], [18, 6, 20], [17, 3, 20], [9, 10, 20], [3, 5, 20], [12, 16, 20]])
 list([[19, 19, 20], [7, 4, 20], [20, 12, 20], [7, 5, 20], [8, 12, 20]])]
Best fitness: 420201.183022
Best solution: [7
 list([[3, 9, 20], [18, 17, 20], [11, 3, 20], [5, 16, 20], [9, 13, 20], [12, 9, 20], [4, 6, 20], [4, 8, 20]])
 list([[7, 7, 20], [20, 13, 20], [19, 5, 20], [10, 9, 20], [12, 15, 20]])]
Best fitness: 420201.183022
Best solution: [7
 list([[19, 6, 20], [4, 3, 20], [6, 9, 20], [5, 18, 20], [11, 10, 20], [18, 11, 20], [14, 17, 20], [3, 6, 20]])
 list([[15, 15, 20], [9, 19, 20], [13, 14, 20], [20, 11, 20], [8, 20, 20]])]
Best fitness: 420201.183022
Best solution: [7
 list([[15, 15, 20], [11, 15, 20], [3, 14, 20], [15, 10, 20], [4, 7, 20], [7, 4, 20], [6, 18, 20], [17, 11, 20]])
 list([[10, 12, 20], [9, 13, 20], [8, 20, 20], [13, 9, 20], [17, 5, 20]])]
Best fitness: 420201.183022
Best solution: [7
 list([[18, 17, 20], [13, 8, 20], [7, 11, 20], [6, 14, 20], [19, 8, 20], [11, 13, 20], [19, 5, 20], [4, 9, 20]])
 list([[8, 16, 20], [6, 3, 20], [7, 6, 20], [10, 10, 20], [5, 18, 20]])]
Best fitness: 420201.183022
Best solution: [7
 list([[6, 3, 20], [13, 8, 20], [10, 17, 20], [8, 11, 20], [10, 18, 20], [11, 20, 20], [5, 19, 20], [16, 15, 20]])
 list([[13, 17, 20], [20, 7, 20], [18, 12, 20], [14, 9, 20], [9, 18, 20]])]

 
