Best fitness: 2778393.7276500002
Best solution: [2
 list([[20, 11, 20], [17, 8, 20], [5, 10, 20], [8, 16, 20], [15, 14, 20], [18, 10, 20], [12, 8, 20], [4, 12, 20]])
 list([[3, 13, 20], [7, 17, 20], [18, 3, 20], [11, 4, 20], [6, 17, 20]])]
Best fitness: 1995063.72671
Best solution: [6
 list([[9, 6, 20], [8, 16, 20], [14, 7, 20], [5, 15, 20], [20, 17, 20], [11, 10, 20], [7, 18, 20], [5, 11, 20]])
 list([[10, 19, 20], [14, 5, 20], [7, 11, 20], [15, 4, 20], [16, 12, 20]])]
Best fitness: 1933832.24345
Best solution: [3
 list([[14, 15, 20], [8, 16, 20], [15, 19, 20], [15, 16, 20], [3, 14, 20], [13, 14, 20], [10, 4, 20], [7, 20, 20]])
 list([[4, 20, 20], [20, 15, 20], [17, 17, 20], [19, 5, 20], [5, 9, 20]])]
Best fitness: 1933832.24345
Best solution: [3
 list([[18, 5, 20], [11, 16, 20], [3, 13, 20], [16, 8, 20], [17, 13, 20], [19, 15, 20], [10, 18, 20], [13, 9, 20]])
 list([[6, 15, 20], [14, 20, 20], [20, 19, 20], [10, 10, 20], [9, 12, 20]])]
Best fitness: 1933832.24345
Best solution: [3
 list([[5, 7, 20], [20, 20, 20], [17, 4, 20], [7, 15, 20], [19, 14, 20], [16, 18, 20], [9, 14, 20], [4, 6, 20]])
 list([[11, 13, 20], [9, 13, 20], [15, 11, 20], [3, 10, 20], [3, 19, 20]])]
Best fitness: 1778884.075
Best solution: [3
 list([[12, 12, 20], [18, 9, 20], [8, 8, 20], [10, 4, 20], [14, 18, 20], [16, 20, 20], [7, 10, 20], [16, 16, 20]])
 list([[18, 9, 20], [9, 3, 20], [6, 3, 20], [18, 5, 20], [4, 9, 20]])]
Best fitness: 1778884.075
Best solution: [3
 list([[10, 5, 20], [19, 17, 20], [3, 10, 20], [9, 11, 20], [10, 16, 20], [17, 8, 20], [15, 16, 20], [14, 12, 20]])
 list([[3, 4, 20], [7, 19, 20], [20, 6, 20], [6, 14, 20], [4, 15, 20]])]
Best fitness: 1778884.075
Best solution: [3
 list([[10, 12, 20], [20, 20, 20], [8, 4, 20], [12, 5, 20], [10, 18, 20], [15, 8, 20], [7, 3, 20], [14, 17, 20]])
 list([[9, 16, 20], [7, 13, 20], [11, 6, 20], [3, 14, 20], [13, 11, 20]])]
Best fitness: 1778884.075
Best solution: [3
 list([[10, 7, 20], [18, 18, 20], [11, 14, 20], [7, 4, 20], [15, 16, 20], [8, 12, 20], [16, 10, 20], [4, 6, 20]])
 list([[6, 10, 20], [14, 5, 20], [5, 15, 20], [15, 13, 20], [18, 11, 20]])]
Best fitness: 1777119.59616
Best solution: [1
 list([[13, 11, 20], [19, 19, 20], [3, 4, 20], [20, 6, 20], [10, 16, 20], [15, 12, 20], [5, 13, 20], [9, 9, 20]])
 list([[20, 5, 20], [18, 18, 20], [17, 20, 20], [16, 17, 20], [3, 19, 20]])]
Best fitness: 1777119.59616
Best solution: [1
 list([[9, 8, 20], [8, 5, 20], [8, 7, 20], [9, 4, 20], [18, 17, 20], [3, 13, 20], [15, 10, 20], [17, 3, 20]])
 list([[20, 18, 20], [11, 17, 20], [5, 6, 20], [14, 16, 20], [13, 16, 20]])]
Best fitness: 1773702.06417
Best solution: [10
 list([[19, 9, 20], [4, 5, 20], [7, 10, 20], [16, 10, 20], [3, 6, 20], [15, 3, 20], [10, 13, 20], [8, 19, 20]])
 list([[13, 18, 20], [14, 7, 20], [11, 7, 20], [16, 15, 20], [14, 18, 20]])]
Best fitness: 1773702.06417
Best solution: [10
 list([[15, 16, 20], [19, 15, 20], [10, 17, 20], [12, 6, 20], [9, 20, 20], [11, 14, 20], [14, 10, 20], [20, 13, 20]])
 list([[16, 18, 20], [4, 18, 20], [7, 7, 20], [5, 12, 20], [16, 4, 20]])]
Best fitness: 1773702.06417
Best solution: [10
 list([[3, 14, 20], [10, 11, 20], [19, 3, 20], [13, 18, 20], [16, 11, 20], [16, 17, 20], [9, 20, 20], [20, 10, 20]])
 list([[11, 18, 20], [12, 8, 20], [14, 15, 20], [18, 12, 20], [18, 10, 20]])]
Best fitness: 1768169.50796
Best solution: [2
 list([[16, 10, 20], [19, 4, 20], [4, 6, 20], [15, 8, 20], [10, 19, 20], [6, 19, 20], [3, 17, 20], [8, 11, 20]])
 list([[18, 3, 20], [7, 12, 20], [19, 15, 20], [9, 12, 20], [18, 4, 20]])]
Best fitness: 1768169.50796
Best solution: [2
 list([[13, 7, 20], [9, 13, 20], [18, 12, 20], [7, 14, 20], [6, 11, 20], [16, 11, 20], [12, 8, 20], [4, 19, 20]])
 list([[11, 20, 20], [20, 16, 20], [3, 10, 20], [8, 5, 20], [17, 18, 20]])]
Best fitness: 1680566.9704
Best solution: [5
 list([[7, 17, 20], [12, 7, 20], [3, 13, 20], [6, 3, 20], [5, 5, 20], [12, 18, 20], [4, 8, 20], [15, 6, 20]])
 list([[10, 20, 20], [17, 10, 20], [18, 4, 20], [14, 7, 20], [16, 12, 20]])]
Best fitness: 1680566.9704
Best solution: [5
 list([[11, 13, 20], [7, 7, 20], [13, 6, 20], [20, 19, 20], [14, 10, 20], [8, 11, 20], [7, 14, 20], [20, 18, 20]])
 list([[18, 14, 20], [5, 7, 20], [4, 8, 20], [15, 3, 20], [10, 19, 20]])]
Best fitness: 1680566.9704
Best solution: [5
 list([[17, 13, 20], [16, 17, 20], [15, 15, 20], [9, 19, 20], [8, 10, 20], [20, 8, 20], [4, 3, 20], [13, 11, 20]])
 list([[7, 14, 20], [8, 20, 20], [12, 12, 20], [11, 7, 20], [19, 9, 20]])]
Best fitness: 1680566.9704
Best solution: [5
 list([[20, 14, 20], [7, 18, 20], [8, 15, 20], [18, 11, 20], [13, 11, 20], [5, 13, 20], [18, 3, 20], [6, 19, 20]])
 list([[13, 16, 20], [17, 6, 20], [5, 8, 20], [10, 4, 20], [11, 17, 20]])]
Best fitness: 1680566.9704
Best solution: [5
 list([[14, 7, 20], [10, 9, 20], [14, 10, 20], [18, 14, 20], [16, 18, 20], [5, 13, 20], [13, 11, 20], [8, 16, 20]])
 list([[19, 3, 20], [18, 6, 20], [17, 12, 20], [15, 19, 20], [7, 20, 20]])]
Best fitness: 1680566.9704
Best solution: [5
 list([[17, 7, 20], [8, 15, 20], [11, 19, 20], [16, 5, 20], [6, 6, 20], [7, 7, 20], [9, 14, 20], [10, 9, 20]])
 list([[13, 9, 20], [20, 11, 20], [12, 12, 20], [11, 13, 20], [9, 18, 20]])]
Best fitness: 1680566.9704
Best solution: [5
 list([[19, 9, 20], [18, 12, 20], [15, 15, 20], [5, 4, 20], [10, 17, 20], [4, 16, 20], [18, 15, 20], [10, 3, 20]])
 list([[3, 10, 20], [4, 9, 20], [17, 11, 20], [11, 20, 20], [7, 5, 20]])]
Best fitness: 1680566.9704
Best solution: [5
 list([[4, 19, 20], [12, 9, 20], [9, 4, 20], [15, 10, 20], [16, 15, 20], [8, 13, 20], [17, 12, 20], [11, 6, 20]])
 list([[14, 9, 20], [3, 17, 20], [19, 20, 20], [8, 11, 20], [19, 8, 20]])]
Best fitness: 1680566.9704
Best solution: [5
 list([[16, 15, 20], [13, 5, 20], [12, 16, 20], [4, 7, 20], [19, 13, 20], [15, 12, 20], [12, 11, 20], [19, 4, 20]])
 list([[8, 18, 20], [17, 6, 20], [20, 3, 20], [9, 10, 20], [10, 19, 20]])]
Best fitness: 1680566.9704
Best solution: [5
 list([[14, 10, 20], [12, 3, 20], [7, 10, 20], [20, 12, 20], [17, 16, 20], [17, 8, 20], [6, 13, 20], [18, 5, 20]])
 list([[20, 20, 20], [10, 19, 20], [17, 8, 20], [5, 9, 20], [19, 17, 20]])]
Best fitness: 1680566.9704
Best solution: [5
 list([[12, 6, 20], [18, 3, 20], [15, 13, 20], [13, 6, 20], [10, 3, 20], [5, 7, 20], [11, 18, 20], [16, 5, 20]])
 list([[7, 20, 20], [3, 10, 20], [11, 16, 20], [6, 20, 20], [12, 11, 20]])]
Best fitness: 1680566.9704
Best solution: [5
 list([[16, 20, 20], [17, 4, 20], [5, 16, 20], [3, 18, 20], [7, 12, 20], [14, 3, 20], [19, 7, 20], [10, 8, 20]])
 list([[7, 20, 20], [15, 15, 20], [19, 19, 20], [11, 9, 20], [10, 13, 20]])]
Best fitness: 1680566.9704
Best solution: [5
 list([[19, 18, 20], [6, 13, 20], [20, 12, 20], [17, 17, 20], [9, 6, 20], [15, 11, 20], [13, 10, 20], [12, 4, 20]])
 list([[3, 16, 20], [11, 20, 20], [4, 15, 20], [20, 7, 20], [7, 8, 20]])]
Best fitness: 1680566.9704
Best solution: [5
 list([[9, 20, 20], [10, 12, 20], [18, 3, 20], [15, 17, 20], [4, 11, 20], [11, 9, 20], [19, 9, 20], [20, 18, 20]])
 list([[17, 8, 20], [12, 20, 20], [6, 19, 20], [17, 13, 20], [11, 4, 20]])]


