Best fitness: 1260387.3546
Best solution: [10
 list([[16, 17, 20], [20, 8, 20], [15, 11, 20], [13, 7, 20], [6, 1, 20], [12, 9, 20], [7, 16, 20], [19, 1, 20]])
 list([[11, 4, 20], [4, 12, 20], [3, 5, 20], [8, 15, 20], [16, 1, 20]])]
Best fitness: 1260387.3546
Best solution: [10
 list([[3, 13, 20], [16, 5, 20], [17, 9, 20], [5, 7, 20], [14, 9, 20], [12, 8, 20], [12, 12, 20], [6, 1, 20]])
 list([[7, 14, 20], [6, 19, 20], [15, 5, 20], [17, 5, 20], [11, 1, 20]])]
Best fitness: 1260387.3546
Best solution: [10
 list([[18, 6, 20], [11, 8, 20], [12, 20, 20], [9, 20, 20], [16, 14, 20], [6, 16, 20], [9, 12, 20], [5, 17, 20]])
 list([[9, 4, 20], [19, 11, 20], [8, 10, 20], [11, 13, 20], [17, 3, 20]])]
Best fitness: 1260387.3546
Best solution: [10
 list([[4, 20, 20], [15, 16, 20], [16, 14, 20], [4, 18, 20], [7, 6, 20], [17, 17, 20], [14, 11, 20], [5, 3, 20]])
 list([[13, 10, 20], [8, 9, 20], [19, 6, 20], [18, 17, 20], [17, 19, 20]])]
Best fitness: 1260387.3546
Best solution: [10
 list([[7, 14, 20], [16, 16, 20], [15, 5, 20], [18, 18, 20], [10, 7, 20], [13, 15, 20], [20, 15, 20], [13, 10, 20]])
 list([[4, 8, 20], [8, 11, 20], [7, 6, 20], [5, 3, 20], [11, 17, 20]])]
Best fitness: 1260387.3546
Best solution: [10
 list([[8, 8, 20], [20, 8, 20], [10, 14, 20], [9, 16, 20], [18, 10, 20], [8, 19, 20], [6, 9, 20], [13, 13, 20]])
 list([[3, 15, 20], [16, 7, 20], [11, 17, 20], [15, 14, 20], [8, 11, 20]])]
Best fitness: 1260387.3546
Best solution: [10
 list([[18, 19, 20], [14, 3, 20], [4, 15, 20], [15, 17, 20], [8, 13, 20], [20, 5, 20], [15, 15, 20], [16, 11, 20]])
 list([[12, 20, 20], [8, 10, 20], [8, 19, 20], [10, 4, 20], [6, 13, 20]])]
Best fitness: 1260387.3546
Best solution: [10
 list([[11, 16, 20], [5, 10, 20], [19, 9, 20], [16, 13, 20], [12, 17, 20], [20, 15, 20], [4, 12, 20], [11, 18, 20]])
 list([[12, 3, 20], [15, 14, 20], [10, 11, 20], [10, 19, 20], [18, 8, 20]])]
Best fitness: 1260387.3546
Best solution: [10
 list([[14, 19, 20], [5, 8, 20], [10, 17, 20], [16, 6, 20], [3, 4, 20], [9, 11, 20], [17, 18, 20], [18, 10, 20]])
 list([[8, 11, 20], [13, 5, 20], [20, 4, 20], [15, 7, 20], [19, 7, 20]])]
Best fitness: 1260387.3546
Best solution: [10
 list([[10, 8, 20], [20, 7, 20], [14, 20, 20], [15, 18, 20], [5, 3, 20], [17, 7, 20], [16, 9, 20], [14, 15, 20]])
 list([[7, 13, 20], [18, 4, 20], [5, 16, 20], [9, 12, 20], [7, 8, 20]])]
 Best fitness: 1260387.3546
Best solution: [10
 list([[18, 19, 20], [14, 3, 20], [4, 15, 20], [15, 17, 20], [8, 13, 20], [20, 5, 20], [15, 15, 20], [16, 11, 20]])
 list([[12, 20, 20], [8, 10, 20], [8, 19, 20], [10, 4, 20], [6, 13, 20]])]
Best fitness: 1260387.3546
Best solution: [10
 list([[11, 16, 20], [5, 10, 20], [19, 9, 20], [16, 13, 20], [12, 17, 20], [20, 15, 20], [4, 12, 20], [11, 18, 20]])
 list([[12, 3, 20], [15, 14, 20], [10, 11, 20], [10, 19, 20], [18, 8, 20]])]
Best fitness: 1260387.3546
Best solution: [10
 list([[14, 19, 20], [5, 8, 20], [10, 17, 20], [16, 6, 20], [3, 4, 20], [9, 11, 20], [17, 18, 20], [18, 10, 20]])
 list([[8, 11, 20], [13, 5, 20], [20, 4, 20], [15, 7, 20], [19, 7, 20]])]
Best fitness: 1260387.3546
Best solution: [10
 list([[10, 8, 20], [20, 7, 20], [14, 20, 20], [15, 18, 20], [5, 3, 20], [17, 7, 20], [16, 9, 20], [14, 15, 20]])
 list([[7, 13, 20], [18, 4, 20], [5, 16, 20], [9, 12, 20], [7, 8, 20]])]

