Best fitness: 6085524.477
Best solution: [10
 list([[20, 5, 20], [5, 3, 20], [13, 4, 20], [3, 18, 20], [8, 12, 20], [6, 10, 20], [9, 17, 20], [4, 19, 20]])
 list([[14, 14, 20], [19, 20, 20], [8, 14, 20], [11, 15, 20], [19, 9, 20]])]
Best fitness: 6085524.477
Best solution: [10
 list([[18, 12, 20], [15, 4, 20], [5, 6, 20], [8, 11, 20], [4, 19, 20], [6, 10, 20], [10, 3, 20], [13, 11, 20]])
 list([[17, 20, 20], [19, 17, 20], [11, 13, 20], [6, 7, 20], [17, 18, 20]])]
Best fitness: 6085524.477
Best solution: [10
 list([[15, 12, 20], [16, 4, 20], [6, 6, 20], [14, 3, 20], [7, 15, 20], [6, 9, 20], [12, 8, 20], [17, 17, 20]])
 list([[17, 6, 20], [4, 19, 20], [18, 16, 20], [9, 11, 20], [5, 16, 20]])]
Best fitness: 6085524.477
Best solution: [10
 list([[12, 5, 20], [14, 10, 20], [19, 14, 20], [7, 3, 20], [20, 8, 20], [16, 12, 20], [11, 6, 20], [10, 12, 20]])
 list([[6, 10, 20], [20, 7, 20], [16, 8, 20], [18, 17, 20], [20, 14, 20]])]
Best fitness: 6085524.477
Best solution: [10
 list([[6, 8, 20], [4, 6, 20], [7, 11, 20], [3, 11, 20], [18, 5, 20], [15, 12, 20], [4, 19, 20], [10, 16, 20]])
 list([[17, 17, 20], [9, 13, 20], [6, 8, 20], [3, 15, 20], [17, 15, 20]])]
Best fitness: 6085524.477
Best solution: [10
 list([[6, 19, 20], [13, 9, 20], [11, 11, 20], [9, 6, 20], [12, 13, 20], [16, 10, 20], [3, 18, 20], [5, 6, 20]])
 list([[18, 3, 20], [15, 15, 20], [6, 8, 20], [3, 16, 20], [18, 17, 20]])]
Best fitness: 6085524.477
Best solution: [10
 list([[18, 10, 20], [20, 11, 20], [3, 15, 20], [15, 6, 20], [13, 4, 20], [11, 9, 20], [8, 17, 20], [10, 18, 20]])
 list([[15, 10, 20], [19, 8, 20], [4, 18, 20], [16, 6, 20], [6, 9, 20]])]
Best fitness: 6085524.477
Best solution: [10
 list([[14, 18, 20], [5, 11, 20], [4, 13, 20], [16, 6, 20], [3, 18, 20], [11, 9, 20], [16, 20, 20], [9, 5, 20]])
 list([[15, 12, 20], [12, 17, 20], [8, 8, 20], [13, 11, 20], [6, 16, 20]])]
Best fitness: 6085524.477
Best solution: [10
 list([[4, 11, 20], [7, 17, 20], [11, 14, 20], [17, 14, 20], [16, 10, 20], [19, 13, 20], [4, 4, 20], [13, 19, 20]])
 list([[14, 14, 20], [13, 5, 20], [3, 6, 20], [9, 12, 20], [15, 19, 20]])]
Best fitness: 6085524.477
Best solution: [10
 list([[17, 11, 20], [5, 3, 20], [20, 19, 20], [8, 9, 20], [14, 6, 20], [7, 13, 20], [15, 18, 20], [13, 10, 20]])
 list([[8, 17, 20], [13, 12, 20], [20, 16, 20], [18, 17, 20], [12, 15, 20]])]
 Best fitness: 6085524.477
Best solution: [10
 list([[17, 11, 20], [5, 3, 20], [20, 19, 20], [8, 9, 20], [14, 6, 20], [7, 13, 20], [15, 18, 20], [13, 10, 20]])
 list([[8, 17, 20], [13, 12, 20], [20, 16, 20], [18, 17, 20], [12, 15, 20]])]
 Best fitness: 6085524.477
Best solution: [10
 list([[17, 11, 20], [5, 3, 20], [20, 19, 20], [8, 9, 20], [14, 6, 20], [7, 13, 20], [15, 18, 20], [13, 10, 20]])
 list([[8, 17, 20], [13, 12, 20], [20, 16, 20], [18, 17, 20], [12, 15, 20]])]
 Best fitness: 6085524.477
Best solution: [10
 list([[17, 11, 20], [5, 3, 20], [20, 19, 20], [8, 9, 20], [14, 6, 20], [7, 13, 20], [15, 18, 20], [13, 10, 20]])
 list([[8, 17, 20], [13, 12, 20], [20, 16, 20], [18, 17, 20], [12, 15, 20]])]
 Best fitness: 6085524.477
Best solution: [10
 list([[17, 11, 20], [5, 3, 20], [20, 19, 20], [8, 9, 20], [14, 6, 20], [7, 13, 20], [15, 18, 20], [13, 10, 20]])
 list([[8, 17, 20], [13, 12, 20], [20, 16, 20], [18, 17, 20], [12, 15, 20]])]
 
