Best fitness: 3075250.8666000003
Best solution: [10
 list([[16, 1, 20], [11, 13, 20], [6, 12, 20], [10, 1, 20], [20, 16, 20], [5, 10, 20], [13, 18, 20], [9, 7, 20]])
 list([[17, 11, 20], [18, 15, 20], [4, 1, 20], [7, 4, 20], [15, 19, 20]])]
Best fitness: 3019960.3800100004
Best solution: [8
 list([[3, 14, 20], [16, 7, 20], [7, 18, 20], [5, 13, 20], [9, 12, 20], [14, 5, 20], [8, 20, 20], [20, 3, 20]])
 list([[6, 18, 20], [15, 4, 20], [19, 4, 20], [10, 15, 20], [18, 7, 20]])]
Best fitness: 3019960.3800100004
Best solution: [8
 list([[11, 17, 20], [3, 13, 20], [20, 10, 20], [12, 5, 20], [18, 8, 20], [17, 6, 20], [8, 18, 20], [16, 7, 20]])
 list([[8, 4, 20], [6, 13, 20], [7, 14, 20], [8, 12, 20], [6, 11, 20]])]
Best fitness: 2872182.17258
Best solution: [1
 list([[4, 3, 20], [10, 15, 20], [5, 13, 20], [10, 12, 20], [19, 7, 20], [17, 10, 20], [11, 17, 20], [15, 20, 20]])
 list([[14, 15, 20], [20, 4, 20], [18, 5, 20], [9, 14, 20], [16, 6, 20]])]
Best fitness: 2872182.17258
Best solution: [1
 list([[8, 5, 20], [8, 11, 20], [7, 10, 20], [7, 15, 20], [12, 13, 20], [4, 13, 20], [5, 4, 20], [9, 9, 20]])
 list([[13, 20, 20], [5, 12, 20], [18, 18, 20], [11, 10, 20], [17, 3, 20]])]
Best fitness: 2872182.17258
Best solution: [1
 list([[19, 14, 20], [10, 20, 20], [17, 11, 20], [8, 19, 20], [14, 5, 20], [6, 15, 20], [9, 11, 20], [5, 4, 20]])
 list([[18, 16, 20], [3, 12, 20], [4, 9, 20], [6, 10, 20], [11, 17, 20]])]
Best fitness: 2872182.17258
Best solution: [1
 list([[16, 12, 20], [4, 18, 20], [20, 12, 20], [12, 6, 20], [20, 8, 20], [7, 9, 20], [11, 3, 20], [15, 13, 20]])
 list([[3, 20, 20], [12, 16, 20], [4, 17, 20], [14, 11, 20], [16, 12, 20]])]
Best fitness: 2872182.17258
Best solution: [1
 list([[16, 20, 20], [16, 10, 20], [3, 14, 20], [15, 18, 20], [4, 20, 20], [10, 12, 20], [12, 4, 20], [6, 7, 20]])
 list([[7, 6, 20], [19, 15, 20], [6, 5, 20], [20, 16, 20], [19, 3, 20]])]
Best fitness: 2872182.17258
Best solution: [1
 list([[10, 3, 20], [16, 14, 20], [5, 19, 20], [18, 5, 20], [19, 3, 20], [7, 10, 20], [12, 8, 20], [15, 4, 20]])
 list([[14, 20, 20], [8, 16, 20], [7, 19, 20], [4, 6, 20], [20, 19, 20]])]
Best fitness: 2872182.17258
Best solution: [1
 list([[18, 3, 20], [6, 5, 20], [19, 16, 20], [17, 19, 20], [14, 19, 20], [10, 13, 20], [13, 15, 20], [20, 8, 20]])
 list([[18, 7, 20], [12, 8, 20], [7, 14, 20], [18, 6, 20], [20, 17, 20]])]
Best fitness: 2872182.17258
Best solution: [1
 list([[17, 11, 20], [3, 10, 20], [7, 3, 20], [15, 4, 20], [6, 20, 20], [19, 8, 20], [8, 17, 20], [14, 9, 20]])
 list([[10, 14, 20], [4, 15, 20], [11, 20, 20], [16, 13, 20], [3, 7, 20]])]
Best fitness: 2872182.17258
Best solution: [1
 list([[11, 11, 20], [6, 17, 20], [11, 3, 20], [20, 20, 20], [16, 16, 20], [9, 11, 20], [8, 3, 20], [19, 14, 20]])
 list([[18, 19, 20], [5, 7, 20], [4, 10, 20], [10, 13, 20], [4, 13, 20]])]
Best fitness: 2872182.17258
Best solution: [1
 list([[10, 11, 20], [18, 13, 20], [13, 4, 20], [7, 18, 20], [9, 15, 20], [9, 12, 20], [19, 3, 20], [6, 10, 20]])
 list([[17, 19, 20], [8, 15, 20], [11, 8, 20], [4, 14, 20], [16, 14, 20]])]
Best fitness: 2872182.17258
Best solution: [1
 list([[15, 7, 20], [5, 12, 20], [10, 10, 20], [6, 19, 20], [7, 4, 20], [10, 11, 20], [4, 18, 20], [13, 3, 20]])
 list([[9, 11, 20], [13, 16, 20], [12, 15, 20], [17, 13, 20], [15, 5, 20]])]
Best fitness: 2872182.17258
Best solution: [1
 list([[15, 7, 20], [11, 11, 20], [18, 9, 20], [8, 7, 20], [14, 16, 20], [7, 20, 20], [6, 18, 20], [4, 10, 20]])
 list([[16, 3, 20], [5, 20, 20], [12, 7, 20], [7, 13, 20], [3, 14, 20]])]
Best fitness: 2872182.17258
Best solution: [1
 list([[9, 5, 20], [19, 11, 20], [4, 16, 20], [4, 7, 20], [9, 14, 20], [11, 20, 20], [10, 8, 20], [17, 9, 20]])
 list([[20, 3, 20], [7, 13, 20], [10, 14, 20], [13, 13, 20], [16, 14, 20]])]
Best fitness: 2872182.17258
Best solution: [1
 list([[19, 13, 20], [4, 7, 20], [20, 9, 20], [6, 10, 20], [18, 19, 20], [11, 18, 20], [5, 17, 20], [8, 20, 20]])
 list([[10, 5, 20], [15, 8, 20], [7, 14, 20], [20, 6, 20], [9, 20, 20]])]


*** below values  were  obtained when run for the second time *** 

Best fitness: 2486442.46975
Best solution: [4
 list([[20, 15, 20], [8, 8, 20], [13, 14, 20], [8, 4, 20], [12, 13, 20], [17, 10, 20], [20, 7, 20], [8, 11, 20]])
 list([[5, 18, 20], [12, 7, 20], [14, 20, 20], [18, 9, 20], [16, 16, 20]])]
Best fitness: 2486442.46975
Best solution: [4
 list([[6, 14, 20], [20, 5, 20], [12, 9, 20], [19, 3, 20], [12, 9, 20], [3, 8, 20], [10, 11, 20], [10, 5, 20]])
 list([[7, 11, 20], [15, 20, 20], [20, 19, 20], [9, 13, 20], [8, 15, 20]])]
Best fitness: 2486442.46975
Best solution: [4
 list([[15, 9, 20], [18, 3, 20], [4, 13, 20], [16, 16, 20], [8, 14, 20], [9, 17, 20], [12, 17, 20], [13, 5, 20]])
 list([[17, 18, 20], [20, 8, 20], [3, 7, 20], [5, 18, 20], [10, 7, 20]])]
Best fitness: 2486442.46975
Best solution: [4
 list([[12, 14, 20], [17, 4, 20], [7, 16, 20], [12, 20, 20], [11, 16, 20], [3, 3, 20], [6, 6, 20], [8, 17, 20]])
 list([[13, 5, 20], [15, 13, 20], [18, 5, 20], [6, 18, 20], [4, 10, 20]])]
Best fitness: 2342749.6189699997
Best solution: [8
 list([[7, 11, 20], [15, 19, 20], [14, 18, 20], [13, 5, 20], [6, 16, 20], [15, 16, 20], [14, 6, 20], [3, 10, 20]])
 list([[9, 17, 20], [11, 5, 20], [18, 8, 20], [6, 9, 20], [4, 20, 20]])]
Best fitness: 2342749.6189699997
Best solution: [8
 list([[10, 11, 20], [5, 15, 20], [4, 3, 20], [20, 4, 20], [10, 19, 20], [19, 8, 20], [20, 5, 20], [6, 14, 20]])
 list([[13, 6, 20], [14, 10, 20], [6, 15, 20], [8, 13, 20], [18, 20, 20]])]
Best fitness: 2270830.22632
Best solution: [6
 list([[13, 9, 20], [17, 4, 20], [6, 9, 20], [20, 20, 20], [9, 15, 20], [17, 7, 20], [13, 10, 20], [4, 6, 20]])
 list([[13, 13, 20], [14, 9, 20], [16, 16, 20], [18, 8, 20], [4, 18, 20]])]
Best fitness: 2270830.22632
Best solution: [6
 list([[6, 4, 20], [17, 16, 20], [8, 16, 20], [18, 15, 20], [18, 10, 20], [12, 19, 20], [6, 9, 20], [3, 18, 20]])
 list([[5, 13, 20], [10, 10, 20], [16, 8, 20], [11, 12, 20], [9, 13, 20]])]
Best fitness: 2270830.22632
Best solution: [6
 list([[7, 15, 20], [20, 3, 20], [8, 3, 20], [19, 6, 20], [5, 19, 20], [16, 20, 20], [11, 10, 20], [3, 19, 20]])
 list([[16, 14, 20], [20, 12, 20], [15, 5, 20], [11, 8, 20], [4, 4, 20]])]
Best fitness: 2270830.22632
Best solution: [6
 list([[19, 16, 20], [9, 3, 20], [4, 18, 20], [15, 17, 20], [20, 12, 20], [14, 9, 20], [17, 13, 20], [6, 7, 20]])
 list([[3, 15, 20], [7, 16, 20], [12, 18, 20], [14, 14, 20], [5, 20, 20]])]
Best fitness: 2270830.22632
Best solution: [6
 list([[4, 5, 20], [3, 12, 20], [3, 7, 20], [7, 17, 20], [18, 17, 20], [12, 3, 20], [14, 19, 20], [6, 10, 20]])
 list([[8, 20, 20], [6, 15, 20], [9, 6, 20], [20, 4, 20], [19, 11, 20]])]
Best fitness: 2270830.22632
Best solution: [6
 list([[7, 9, 20], [11, 12, 20], [16, 14, 20], [19, 8, 20], [18, 13, 20], [15, 19, 20], [5, 10, 20], [18, 13, 20]])
 list([[20, 8, 20], [3, 11, 20], [5, 17, 20], [9, 4, 20], [10, 7, 20]])]
Best fitness: 2270830.22632
Best solution: [6
 list([[7, 20, 20], [9, 15, 20], [4, 17, 20], [6, 6, 20], [8, 9, 20], [20, 16, 20], [14, 10, 20], [3, 13, 20]])
 list([[12, 20, 20], [10, 4, 20], [7, 11, 20], [15, 16, 20], [5, 7, 20]])]
Best fitness: 2270830.22632
Best solution: [6
 list([[19, 6, 20], [8, 11, 20], [8, 14, 20], [11, 12, 20], [13, 17, 20], [11, 4, 20], [12, 5, 20], [3, 9, 20]])
 list([[17, 8, 20], [18, 11, 20], [14, 16, 20], [7, 3, 20], [4, 8, 20]])]
Best fitness: 2270830.22632
Best solution: [6
 list([[17, 17, 20], [14, 11, 20], [12, 11, 20], [12, 3, 20], [3, 9, 20], [5, 5, 20], [15, 14, 20], [16, 6, 20]])
 list([[16, 4, 20], [8, 18, 20], [19, 7, 20], [8, 10, 20], [12, 3, 20]])]
Best fitness: 2270830.22632
Best solution: [6
 list([[20, 6, 20], [14, 10, 20], [13, 10, 20], [19, 16, 20], [4, 12, 20], [6, 9, 20], [8, 12, 20], [10, 4, 20]])
 list([[17, 7, 20], [12, 8, 20], [11, 14, 20], [9, 19, 20], [18, 11, 20]])]
Best fitness: 2270830.22632
Best solution: [6
 list([[19, 14, 20], [15, 13, 20], [10, 20, 20], [8, 19, 20], [16, 15, 20], [6, 4, 20], [3, 9, 20], [12, 12, 20]])
 list([[14, 11, 20], [18, 8, 20], [4, 6, 20], [7, 16, 20], [17, 17, 20]])]
Best fitness: 2270830.22632
Best solution: [6
 list([[16, 3, 20], [18, 7, 20], [13, 11, 20], [11, 20, 20], [9, 6, 20], [14, 7, 20], [15, 5, 20], [3, 18, 20]])
 list([[19, 4, 20], [17, 11, 20], [4, 17, 20], [14, 14, 20], [8, 19, 20]])]
Best fitness: 2270830.22632
Best solution: [6
 list([[18, 12, 20], [13, 17, 20], [16, 9, 20], [6, 7, 20], [4, 6, 20], [12, 17, 20], [18, 8, 20], [5, 4, 20]])
 list([[9, 8, 20], [18, 13, 20], [7, 7, 20], [19, 16, 20], [14, 18, 20]])]
Best fitness: 2270830.22632
Best solution: [6
 list([[20, 19, 20], [14, 15, 20], [8, 5, 20], [15, 4, 20], [5, 14, 20], [12, 13, 20], [17, 16, 20], [18, 7, 20]])
 list([[20, 8, 20], [10, 16, 20], [4, 11, 20], [16, 13, 20], [13, 17, 20]])]
