Best fitness: 554252.9599
Best solution: [4
 list([[8, 20, 20], [11, 14, 20], [3, 14, 20], [3, 20, 20], [7, 15, 20], [18, 15, 20], [5, 18, 20], [15, 12, 20]])
 list([[13, 6, 20], [9, 10, 20], [6, 3, 20], [4, 7, 20], [5, 13, 20]])]
Best fitness: 525932.1938799999
Best solution: [9
 list([[10, 12, 20], [14, 19, 20], [13, 16, 20], [17, 20, 20], [6, 9, 20], [9, 6, 20], [15, 3, 20], [17, 14, 20]])
 list([[8, 14, 20], [5, 10, 20], [19, 6, 20], [20, 11, 20], [4, 12, 20]])]
Best fitness: 519458.15901
Best solution: [3
 list([[19, 14, 20], [17, 13, 20], [20, 9, 20], [6, 14, 20], [5, 4, 20], [18, 10, 20], [9, 7, 20], [19, 3, 20]])
 list([[15, 16, 20], [13, 18, 20], [5, 11, 20], [16, 18, 20], [6, 19, 20]])]
Best fitness: 519458.15901
Best solution: [3
 list([[15, 4, 20], [10, 20, 20], [11, 14, 20], [13, 3, 20], [8, 12, 20], [5, 18, 20], [18, 13, 20], [8, 3, 20]])
 list([[14, 10, 20], [3, 17, 20], [20, 3, 20], [16, 19, 20], [16, 17, 20]])]
Best fitness: 519458.15901
Best solution: [3
 list([[7, 7, 20], [11, 5, 20], [10, 19, 20], [5, 7, 20], [13, 10, 20], [16, 12, 20], [18, 19, 20], [7, 17, 20]])
 list([[4, 3, 20], [8, 16, 20], [8, 12, 20], [14, 18, 20], [15, 14, 20]])]
Best fitness: 519458.15901
Best solution: [3
 list([[17, 13, 20], [12, 19, 20], [9, 3, 20], [6, 6, 20], [16, 16, 20], [14, 6, 20], [8, 9, 20], [10, 19, 20]])
 list([[20, 5, 20], [3, 15, 20], [4, 10, 20], [5, 8, 20], [17, 9, 20]])]
Best fitness: 498568.00686
Best solution: [10
 list([[14, 7, 20], [20, 17, 20], [18, 7, 20], [6, 16, 20], [11, 5, 20], [4, 9, 20], [8, 13, 20], [15, 20, 20]])
 list([[13, 10, 20], [17, 13, 20], [14, 6, 20], [3, 18, 20], [5, 11, 20]])]
Best fitness: 498568.00686
Best solution: [10
 list([[11, 8, 20], [9, 3, 20], [18, 20, 20], [3, 15, 20], [7, 5, 20], [5, 13, 20], [5, 8, 20], [18, 3, 20]])
 list([[20, 19, 20], [14, 20, 20], [17, 19, 20], [8, 4, 20], [6, 13, 20]])]
Best fitness: 498568.00686
Best solution: [10
 list([[3, 20, 20], [10, 5, 20], [18, 8, 20], [7, 17, 20], [12, 10, 20], [14, 4, 20], [3, 3, 20], [13, 15, 20]])
 list([[16, 14, 20], [12, 13, 20], [17, 18, 20], [17, 12, 20], [10, 19, 20]])]
Best fitness: 498568.00686
Best solution: [10
 list([[8, 7, 20], [11, 11, 20], [18, 3, 20], [20, 9, 20], [17, 19, 20], [20, 5, 20], [5, 5, 20], [15, 13, 20]])
 list([[4, 16, 20], [19, 6, 20], [6, 17, 20], [9, 4, 20], [7, 5, 20]])]
Best fitness: 498568.00686
Best solution: [10
 list([[5, 20, 20], [6, 5, 20], [16, 3, 20], [14, 8, 20], [18, 10, 20], [10, 19, 20], [5, 9, 20], [19, 15, 20]])
 list([[19, 13, 20], [12, 7, 20], [7, 18, 20], [11, 11, 20], [9, 16, 20]])]
Best fitness: 488632.8949
Best solution: [6
 list([[6, 12, 20], [13, 19, 20], [13, 12, 20], [19, 8, 20], [14, 10, 20], [3, 6, 20], [7, 18, 20], [5, 7, 20]])
 list([[8, 14, 20], [18, 16, 20], [15, 5, 20], [4, 17, 20], [17, 17, 20]])]
Best fitness: 488632.8949
Best solution: [6
 list([[20, 6, 20], [8, 8, 20], [10, 15, 20], [12, 20, 20], [9, 11, 20], [7, 4, 20], [19, 12, 20], [16, 9, 20]])
 list([[3, 20, 20], [9, 7, 20], [16, 16, 20], [10, 13, 20], [17, 14, 20]])]
Best fitness: 488632.8949
Best solution: [6
 list([[13, 15, 20], [20, 7, 20], [18, 14, 20], [10, 20, 20], [7, 9, 20], [17, 6, 20], [6, 8, 20], [16, 3, 20]])
 list([[19, 11, 20], [11, 13, 20], [3, 19, 20], [9, 16, 20], [5, 16, 20]])]
Best fitness: 488632.8949
Best solution: [6
 list([[14, 12, 20], [7, 6, 20], [16, 14, 20], [8, 9, 20], [17, 14, 20], [15, 4, 20], [6, 5, 20], [13, 15, 20]])
 list([[20, 3, 20], [5, 12, 20], [3, 15, 20], [4, 8, 20], [10, 7, 20]])]
Best fitness: 488632.8949
Best solution: [6
 list([[7, 12, 20], [20, 10, 20], [14, 6, 20], [12, 19, 20], [10, 8, 20], [13, 3, 20], [9, 14, 20], [17, 12, 20]])
 list([[8, 20, 20], [5, 12, 20], [18, 6, 20], [4, 17, 20], [14, 7, 20]])]
Best fitness: 488632.8949
Best solution: [6
 list([[7, 19, 20], [14, 20, 20], [17, 13, 20], [5, 3, 20], [8, 16, 20], [12, 4, 20], [3, 19, 20], [14, 6, 20]])
 list([[20, 5, 20], [18, 9, 20], [8, 6, 20], [9, 11, 20], [20, 11, 20]])]
Best fitness: 488632.8949
Best solution: [6
 list([[14, 12, 20], [7, 17, 20], [8, 19, 20], [9, 3, 20], [20, 9, 20], [8, 12, 20], [8, 15, 20], [19, 18, 20]])
 list([[4, 13, 20], [20, 14, 20], [8, 4, 20], [7, 5, 20], [4, 6, 20]])]
Best fitness: 488632.8949
Best solution: [6
 list([[9, 11, 20], [13, 18, 20], [8, 13, 20], [14, 20, 20], [15, 16, 20], [13, 18, 20], [5, 4, 20], [3, 8, 20]])
 list([[17, 12, 20], [19, 19, 20], [12, 9, 20], [8, 10, 20], [18, 9, 20]])]
Best fitness: 488632.8949
Best solution: [6
 list([[5, 7, 20], [16, 14, 20], [17, 3, 20], [19, 12, 20], [13, 11, 20], [12, 9, 20], [8, 3, 20], [6, 5, 20]])
 list([[6, 9, 20], [10, 10, 20], [11, 16, 20], [7, 6, 20], [5, 14, 20]])]
Best fitness: 488632.8949
Best solution: [6
 list([[5, 12, 20], [3, 7, 20], [10, 17, 20], [13, 4, 20], [15, 20, 20], [18, 12, 20], [9, 3, 20], [14, 15, 20]])
 list([[7, 8, 20], [5, 18, 20], [13, 20, 20], [14, 20, 20], [3, 6, 20]])]
Best fitness: 488632.8949
Best solution: [6
 list([[9, 18, 20], [4, 9, 20], [10, 6, 20], [5, 19, 20], [6, 3, 20], [14, 13, 20], [13, 19, 20], [16, 17, 20]])
 list([[10, 13, 20], [17, 8, 20], [10, 20, 20], [20, 12, 20], [8, 17, 20]])]
Best fitness: 488632.8949
Best solution: [6
 list([[18, 8, 20], [20, 4, 20], [18, 12, 20], [11, 9, 20], [13, 15, 20], [4, 11, 20], [9, 8, 20], [5, 10, 20]])
 list([[17, 17, 20], [12, 14, 20], [5, 3, 20], [3, 5, 20], [7, 19, 20]])]
Best fitness: 488632.8949
Best solution: [6
 list([[15, 20, 20], [3, 13, 20], [18, 19, 20], [8, 11, 20], [5, 14, 20], [12, 11, 20], [10, 9, 20], [16, 17, 20]])
 list([[3, 5, 20], [20, 6, 20], [11, 3, 20], [17, 15, 20], [9, 9, 20]])]
Best fitness: 488632.8949
Best solution: [6
 list([[16, 13, 20], [4, 8, 20], [13, 19, 20], [15, 6, 20], [10, 12, 20], [11, 18, 20], [4, 19, 20], [5, 3, 20]])
 list([[6, 10, 20], [20, 9, 20], [13, 16, 20], [19, 5, 20], [18, 17, 20]])]
